8 2
64 51
5 58
10 59
56 7
56 55
52 58
36 37
23 15
44 59
8 31
18 3
62 23
35 41
2 40
23 19
53 64
57 48
20 58
8 20
59 17
28 3
40 27
12 12
2 52
16 24
26 55
35 2
48 53
43 41
57 31
28 4
31 6
26 54
10 6
30 35
30 61
26 1
5 2
32 50
46 20
64 17
21 17
48 10
5 41
50 48
28 17
48 9
15 60
43 44
45 7
20 15
40 52
58 26
17 25
38 64
35 25
3 14
3 20
3 4
6 27
61 37
52 39
27 10
12 10
51 59
8 37
52 64
33 28
4 53
22 7
39 29
42 42
35 56
43 40
34 24
58 51
23 48
8 7
36 46
30 24
60 11
32 9
4 32
18 30
64 59
27 52
43 50
9 47
38 55
22 53
21 45
42 26
7 58
32 26
21 30
13 14
12 3
63 25
14 20
2 35
53 19
41 8
58 38
10 17
21 50
11 35
38 43
28 54
20 43
5 9
52 1
34 20
44 11
44 63
24 7
57 17
44 38
7 43
27 34
53 54
56 18
18 26
27 60
26 48
7 42
62 59
10 64
36 18
36 12
47 33
43 31
45 27
61 5
24 14
17 7
23 62
51 2
62 5
44 49
40 32
19 23
30 2
28 49
59 46
17 41
14 4
30 12
64 27
19 62
55 17
38 44
55 3
21 49
24 32
63 52
13 7
58 48
16 23
59 24
25 61
11 31
27 41
45 14
18 62
1 20
60 14
40 29
37 5
41 37
40 36
19 15
51 49
36 49
10 45
42 51
15 7
40 24
64 15
59 27
1 45
61 62
28 19
42 31
6 48
1 12
36 39
45 24
13 63
37 46
18 28
17 38
46 22
20 40
51 43
53 56
13 37
8 13
32 45
39 12
18 16
22 56
36 24
5 15
46 11
56 26
38 26
37 2
31 27
29 37
16 57
47 41
23 42
10 16
62 34
33 13
60 7
20 23
63 36
12 59
40 33
38 54
23 51
21 3
42 16
1 50
64 38
3 12
55 16
37 57
56 56
41 51
47 28
38 11
2 27
8 8
37 35
23 33
60 47
39 57
64 33
12 19
24 50
25 52
31 24
52 53
34 62
49 47
33 53
20 39
59 9
45 12
63 39
29 32
23 35
25 20
63 27
30 3
54 37
50 41
29 43
46 15
32 58
57 10
25 21
22 37
49 15
9 25
21 11
24 24
18 37
21 58
29 41
23 11
41 18
59 3
21 15
6 34
53 50
11 64
21 44
15 30
59 57
44 64
51 63
51 62
21 26
30 11
4 13
9 61
21 37
31 36
30 22
12 62
26 35
29 29
4 11
48 5
44 47
48 64
5 6
9 32
40 17
4 19
52 55
21 55
18 48
58 28
36 55
44 50
35 53
3 59
28 16
27 56
23 5
15 37
55 55
4 35
33 6
42 54
32 36
62 48
8 36
19 45
26 20
19 1
40 13
64 47
58 8
64 28
47 51
25 2
39 5
57 41
33 14
57 19
33 18
34 55
21 23
49 50
55 61
23 56
53 14
4 16
16 22
37 1
2 53
44 7
35 50
15 11
13 18
19 18
63 42
10 53
63 49
26 17
4 25
1 63
18 31
39 33
22 49
14 27
50 39
14 49
45 59
63 26
1 19
61 16
15 25
24 52
6 17
24 63
63 58
7 18
13 50
52 15
10 38
27 12
63 4
9 48
6 20
3 50
13 56
51 1
