3 22 12
9 16 21
2 11 3
9 6 21
16 24 28
23 20 29
29 11 22
21 18 4
29 7 4
12 14 24
10 1 13
5 7 27
1 4 12
15 18 1
1 13 17
28 21 19
15 16 31
3 15 16
20 18 12
32 14 7
29 13 4
15 22 30
26 15 6
21 1 14
32 27 6
23 25 4
7 6 9
1 32 2
13 27 12
1 9 28
17 24 29
9 28 27
25 15 32
16 22 29
12 6 12
17 7 19
25 23 11
10 18 2
14 17 30
31 16 3
1 21 23
21 13 3
11 25 29
23 10 4
8 8 11
21 25 26
24 32 17
32 4 14
1 19 17
15 7 30
11 8 3
28 17 27
2 23 18
8 7 10
24 15 29
19 1 4
1 20 23
5 11 22
20 25 7
8 5 -5
17 11 9
11 3 27
21 6 11
1 14 12
8 29 17
32 1 18
21 17 -1
6 30 12
20 24 21
6 21 12
7 3 19
30 24 7
7 17 27
4 7 9
19 17 26
8 2 6
4 6 31
9 8 13
12 24 22
12 12 32
3 4 25
27 18 23
2 26 28
1 22 29
9 29 3
15 5 17
26 6 6
26 1 6
27 1 20
18 3 15
22 13 15
24 3 2
19 8 22
2 4 10
15 32 31
24 17 20
12 27 20
29 24 22
21 21 1
13 30 20
28 27 5
21 9 16
19 20 -2
23 1 9
3 19 29
3 29 17
27 31 24
29 18 6
32 6 -4
14 10 25
28 12 6
31 2 18
29 8 7
2 10 10
20 5 24
9 9 15
24 1 16
13 22 4
1 17 29
9 32 30
17 29 7
3 8 26
27 6 32
26 30 32
27 21 24
26 5 3
27 20 8
25 26 20
32 8 11
8 1 32
14 5 7
1 15 29
30 30 8
31 19 -3
15 26 15
19 21 -5
29 14 18
21 24 29
6 12 28
7 22 14
27 23 7
17 22 26
28 6 19
11 10 24
28 28 14
12 15 32
17 19 27
12 26 29
25 25 16
18 13 22
5 14 16
1 7 12
6 3 32
12 13 5
5 31 31
12 29 12
22 7 11
20 30 26
14 26 1
31 25 2
