231 13
205 165
197 156
226 102
196 23
74 225
118 214
207 76
139 217
64 198
244 93
186 140
72 173
38 111
102 59
3 134
92 239
102 32
135 191
62 252
252 128
221 189
39 251
180 152
178 68
94 80
168 71
225 100
219 164
48 135
131 189
244 80
39 12
139 51
193 187
81 176
29 110
31 202
130 100
18 187
148 190
142 230
121 30
130 13
59 116
237 196
109 21
161 37
18 14
71 198
186 183
163 232
238 139
25 241
206 54
112 29
249 240
215 112
173 10
37 239
48 198
101 15
110 108
146 110
227 154
159 193
187 220
186 13
56 124
210 27
85 156
87 38
169 129
65 214
141 50
83 114
129 66
161 81
204 234
80 145
99 91
157 12
12 81
32 136
195 236
82 46
93 188
78 62
107 26
212 256
97 191
147 254
248 143
168 112
208 182
98 248
90 246
72 143
245 63
93 191
87 129
162 20
47 190
221 205
8 99
153 214
113 216
110 251
91 86
130 86
194 249
80 9
144 22
168 51
190 206
247 28
188 227
201 179
19 203
140 59
73 3
151 65
4 166
107 209
115 62
56 233
234 218
163 46
204 97
198 222
174 37
120 6
185 187
207 245
80 11
228 240
243 163
214 39
100 81
18 232
8 240
209 19
143 130
226 206
216 127
169 121
14 109
104 229
24 177
189 192
48 165
108 84
209 234
95 114
215 256
235 168
226 19
85 186
251 24
149 80
122 25
89 237
38 205
77 32
159 108
154 254
249 193
172 207
170 129
57 8
166 219
127 122
200 80
205 200
116 197
68 30
123 215
223 32
62 110
177 33
23 149
110 150
244 137
45 202
69 15
108 211
25 11
85 196
131 79
64 36
67 177
120 159
162 96
66 252
158 120
27 79
71 211
66 112
105 35
118 171
107 61
1 185
119 184
245 239
220 183
182 182
176 3
184 59
185 93
138 104
142 18
20 18
249 207
29 116
160 183
16 220
228 179
255 164
10 9
232 100
152 49
55 102
2 228
141 90
134 117
192 75
85 100
35 210
243 49
7 138
224 110
129 195
120 24
110 123
24 39
181 138
204 28
131 123
126 100
211 81
235 143
60 151
208 247
254 160
8 154
115 111
83 202
239 21
234 58
228 200
97 249
124 192
121 241
19 193
102 152
19 27
139 211
163 233
226 196
41 140
159 227
13 88
16 81
193 140
200 105
254 136
252 151
80 58
45 109
212 218
7 243
64 215
138 63
37 17
103 70
113 72
173 242
56 212
164 117
180 151
249 220
138 49
28 231
78 114
231 24
74 21
128 10
123 171
128 4
221 213
85 206
233 182
229 195
91 168
115 40
56 46
199 188
16 43
137 144
128 81
239 25
252 219
152 132
203 127
183 73
83 158
115 3
151 191
142 127
254 59
69 19
86 57
120 49
24 221
11 59
238 189
140 153
114 149
22 10
57 59
117 55
16 213
138 142
133 73
241 77
170 245
226 221
21 161
85 98
43 177
106 144
159 159
7 192
53 169
195 67
204 199
3 246
155 224
98 22
187 61
87 86
229 62
18 47
126 76
166 120
208 14
109 54
168 181
204 129
103 216
140 11
169 173
124 41
195 68
63 132
6 194
58 126
156 177
151 35
179 154
144 92
222 214
234 102
183 161
191 131
202 112
129 240
174 133
60 22
117 192
27 4
71 184
46 29
73 10
106 14
195 241
242 4
131 23
149 27
124 171
151 25
179 180
180 92
92 165
98 17
63 49
87 167
97 96
75 131
225 227
255 246
32 165
126 108
36 162
162 230
63 252
219 170
235 75
44 56
249 53
118 129
235 64
249 84
158 227
24 25
44 227
92 193
16 221
188 253
139 30
28 174
71 187
19 157
59 223
241 109
206 95
1 206
63 148
11 243
68 105
29 69
241 179
139 89
220 193
53 31
127 52
8 93
221 17
200 92
105 21
12 226
35 73
138 95
4 214
148 107
156 25
227 112
250 250
148 164
204 122
112 59
199 140
112 218
73 38
128 78
61 151
132 126
64 27
153 158
1 173
157 166
238 28
241 3
13 97
125 140
39 48
245 183
44 205
91 13
211 33
198 219
129 13
97 43
108 254
182 242
256 194
45 139
130 154
207 100
243 144
80 248
55 10
77 253
118 160
210 222
195 43
31 107
251 30
172 208
240 26
106 195
76 2
159 186
6 253
116 46
21 207
66 49
255 115
109 172
220 53
96 107
21 102
116 115
20 150
60 122
32 68
2 243
142 164
29 53
87 227
210 251
145 205
147 131
216 154
129 250
243 10
47 53
181 180
169 161
32 154
181 125
209 2
88 70
152 129
156 115
102 89
145 99
108 5
146 148
129 17
201 21
196 47
246 62
131 136
107 158
92 80
91 53
162 157
85 227
3 121
12 33
103 53
89 239
26 1
131 13
46 186
189 110
27 3
240 234
169 151
187 51
16 222
185 10
93 190
2 179
23 179
244 166
35 34
51 135
229 234
238 88
168 61
100 238
64 174
167 161
237 138
160 72
131 108
84 101
200 12
101 156
30 88
220 106
98 198
37 19
19 232
91 220
183 65
199 123
122 87
163 204
25 9
35 197
254 35
182 172
173 48
137 135
94 143
76 213
235 201
58 123
237 34
83 1
34 110
236 254
19 38
106 209
243 187
75 146
201 42
102 73
210 209
115 93
32 129
205 79
136 212
119 167
187 193
93 47
179 109
221 96
81 68
134 26
68 73
32 152
44 170
236 162
255 152
45 4
172 85
230 64
255 143
230 128
197 236
2 206
48 230
162 135
125 217
127 13
211 90
170 189
111 203
209 33
254 44
190 102
74 52
32 16
25 161
142 236
82 204
201 70
98 128
65 93
222 12
219 20
106 151
242 234
217 180
156 44
150 55
46 106
66 70
2 39
158 179
119 212
172 137
58 256
17 228
196 201
190 6
36 150
207 168
255 8
179 142
213 45
142 94
133 247
219 178
20 237
86 108
170 33
25 74
221 98
5 186
50 178
99 239
225 251
203 52
217 253
69 128
4 139
175 75
204 247
95 161
222 203
9 117
46 185
226 55
59 213
5 169
148 2
22 238
155 170
38 227
137 179
215 179
178 174
193 166
11 81
20 58
233 39
126 117
11 134
79 121
219 194
219 89
241 160
31 43
217 13
168 95
22 16
177 79
102 254
140 22
72 237
67 166
188 106
126 21
74 111
167 56
69 143
77 115
81 116
198 207
35 139
25 77
136 254
27 123
169 227
215 68
141 179
51 12
223 253
209 253
242 91
52 155
2 166
36 159
189 102
83 2
1 140
64 88
92 95
2 197
108 216
225 139
46 149
219 70
63 212
11 52
60 203
153 109
39 132
59 94
13 235
252 120
230 38
61 41
189 36
249 12
17 121
77 93
122 105
55 175
144 66
158 225
146 78
32 203
214 68
62 179
155 184
211 95
143 55
134 242
22 32
143 207
215 17
96 175
123 159
139 241
177 74
224 49
118 175
213 27
147 256
44 129
103 178
207 172
230 117
255 240
226 105
173 131
138 143
40 144
48 126
249 134
79 87
11 182
204 250
16 29
124 122
31 126
231 207
162 181
75 203
111 71
228 80
53 61
107 191
26 51
221 179
162 172
125 240
211 168
28 150
151 121
152 155
97 210
163 119
19 33
197 33
32 30
164 59
237 164
132 137
126 193
10 168
78 9
69 253
126 47
239 235
50 214
239 73
57 164
35 19
236 152
93 95
88 158
171 147
159 97
220 214
155 97
63 196
197 69
174 102
85 114
203 97
171 220
138 109
240 9
243 196
26 110
96 239
128 193
17 28
123 140
186 60
5 111
206 9
192 19
160 154
59 96
201 52
112 240
201 100
145 195
241 74
4 52
128 56
172 43
12 124
106 149
35 121
227 17
51 253
132 236
167 206
196 80
83 134
169 184
18 161
142 167
173 213
35 154
255 162
181 59
87 41
176 215
30 65
98 18
186 200
1 218
177 55
240 153
18 121
62 175
17 254
112 31
241 11
128 136
39 84
37 88
188 204
85 60
243 188
8 219
44 18
64 195
8 252
70 163
206 182
54 188
13 161
189 146
131 148
34 231
62 118
131 233
1 13
98 171
233 17
96 210
80 133
71 145
242 71
78 215
78 229
153 198
80 178
256 104
44 25
17 157
88 88
239 147
222 11
73 105
239 96
240 199
32 42
184 61
145 155
92 173
112 183
32 90
190 8
180 66
86 148
92 174
43 12
78 7
209 70
91 235
63 237
210 128
211 120
162 8
150 88
190 182
194 118
198 192
129 220
227 182
248 178
243 18
132 109
230 16
67 67
103 192
215 226
191 89
102 97
247 208
229 119
61 169
151 235
138 14
208 75
129 30
255 225
153 135
235 227
126 87
61 234
181 15
63 165
127 249
227 207
1 188
7 94
161 46
247 254
179 105
52 189
85 33
116 8
151 53
233 214
224 131
198 35
141 1
256 160
218 10
81 169
6 245
131 119
178 236
235 151
139 251
52 154
40 104
94 15
53 67
5 174
210 61
231 214
54 190
161 58
185 215
79 163
225 41
56 140
122 158
88 236
88 75
194 154
197 221
187 217
200 211
29 45
167 235
249 109
170 218
128 24
34 64
36 236
170 219
250 181
173 251
99 100
40 54
235 96
177 92
113 33
185 174
137 250
14 74
30 54
163 234
92 103
148 206
204 251
101 247
193 16
139 150
244 138
45 196
107 98
43 115
159 64
96 165
221 77
36 220
237 66
21 209
242 198
24 104
145 246
154 228
85 69
28 87
82 134
238 93
9 71
58 10
140 97
69 33
227 205
242 135
173 185
136 247
10 219
180 246
185 6
210 10
126 251
104 39
199 129
243 106
142 184
231 10
129 170
241 139
97 35
168 195
130 196
110 81
114 97
141 82
147 209
4 218
120 236
153 163
197 81
195 92
57 89
198 67
235 73
32 246
211 204
36 134
141 160
229 206
90 143
85 3
104 161
174 140
83 144
17 19
235 124
109 220
56 224
163 85
187 197
232 239
247 53
106 45
48 243
54 250
115 105
89 64
214 226
69 182
1 249
119 250
237 81
87 223
236 135
96 8
234 101
128 182
242 89
194 222
244 37
42 127
197 215
224 50
103 252
146 3
139 17
19 127
84 58
72 14
94 55
68 131
255 147
178 242
204 30
115 193
95 158
137 2
88 194
52 256
162 87
90 24
248 190
44 203
167 158
7 17
149 214
152 239
130 182
68 75
142 110
199 256
251 198
27 46
53 16
155 211
15 91
104 160
80 234
12 5
110 229
93 143
153 77
164 115
251 53
255 107
63 48
4 192
80 6
167 168
99 171
94 211
55 113
131 65
155 124
249 86
50 118
18 48
115 133
176 56
243 122
171 247
231 76
115 44
228 196
247 27
234 121
197 39
161 255
114 163
226 92
60 230
121 187
238 157
42 101
4 102
242 236
16 154
142 169
92 105
66 105
209 45
211 100
23 248
213 111
254 111
45 114
29 220
206 27
185 126
198 212
232 36
126 243
245 250
61 49
7 162
239 94
254 134
37 83
158 109
92 39
239 77
130 166
227 96
182 254
58 122
80 188
163 154
33 247
36 191
252 203
187 253
116 10
70 207
232 45
160 175
189 145
13 228
235 224
216 156
187 204
58 58
207 4
126 241
98 96
99 146
209 95
194 162
90 212
112 176
102 229
128 19
31 221
111 8
66 181
129 102
75 148
193 81
201 151
123 27
198 214
98 186
41 38
70 208
226 71
56 56
46 23
239 223
22 6
106 214
57 202
215 165
204 84
180 225
223 2
52 1
226 22
228 109
103 103
142 216
42 86
93 208
78 4
67 147
233 194
152 37
195 201
4 159
91 44
158 202
43 10
85 236
45 8
144 226
158 254
17 111
2 241
31 212
104 66
228 161
239 36
20 202
137 83
207 253
255 4
201 51
54 23
168 134
176 148
173 66
85 85
151 62
116 256
196 109
5 57
154 176
49 21
37 238
20 209
1 103
193 196
123 69
134 146
243 116
133 180
21 211
232 237
135 107
149 194
172 81
44 104
181 123
20 185
234 169
98 132
167 84
253 40
165 225
255 97
94 97
101 224
203 35
67 26
218 252
229 242
100 115
133 64
42 82
149 69
186 253
188 156
151 3
27 110
148 243
212 230
129 113
205 228
9 136
177 246
219 66
56 132
8 118
169 74
172 226
157 11
209 121
5 132
144 254
110 160
121 210
132 234
54 11
213 71
106 197
216 229
223 189
46 111
225 28
39 131
229 144
136 101
111 161
140 245
50 67
40 222
120 167
147 17
196 87
6 114
182 130
193 208
48 148
78 27
183 10
9 209
28 133
224 186
91 29
88 213
195 247
208 146
87 26
10 65
117 126
231 203
181 102
114 160
20 240
32 240
82 235
87 30
152 232
44 114
94 148
113 14
140 69
239 35
223 210
240 100
143 168
1 187
47 26
245 59
212 249
45 87
121 101
23 81
162 226
245 245
64 175
224 134
213 83
12 249
216 120
77 97
91 252
218 171
235 70
82 139
184 214
252 182
246 32
83 82
130 155
194 170
172 39
230 73
175 124
10 179
42 32
33 163
252 1
178 145
143 119
7 176
22 118
143 197
18 9
128 58
27 251
192 110
221 215
6 80
97 20
61 44
142 137
41 197
239 39
76 163
182 230
11 174
1 256
13 252
93 94
228 232
136 79
239 100
124 128
126 144
168 41
56 139
129 132
186 136
57 131
129 37
206 194
10 249
55 108
59 57
245 204
146 15
28 157
143 9
151 48
15 35
196 119
11 249
29 23
100 127
25 191
224 242
77 184
111 14
215 190
180 130
252 15
192 161
16 193
33 90
27 106
169 152
53 208
155 152
248 129
219 24
243 94
28 20
2 99
208 33
65 216
155 110
147 121
55 91
198 50
86 102
175 151
6 241
122 52
123 243
144 217
15 238
191 53
135 33
149 166
152 254
12 80
170 222
109 109
219 244
110 227
71 127
157 28
135 68
2 18
119 60
256 169
60 138
125 66
134 175
67 141
19 1
165 158
117 90
101 68
20 13
213 150
118 30
61 206
190 178
125 91
115 196
131 26
159 100
136 119
133 245
73 19
83 236
132 72
68 166
235 142
68 113
108 169
85 86
181 33
49 54
248 243
49 25
235 134
109 194
20 224
37 135
96 95
96 17
102 95
3 156
176 138
174 91
116 122
103 204
141 49
129 8
125 182
47 133
178 82
233 234
8 255
18 33
144 30
215 174
144 104
90 64
202 39
16 134
1 166
103 68
186 230
173 166
64 146
45 212
234 53
155 198
160 171
178 90
156 214
27 164
110 146
145 133
67 234
67 127
102 140
121 199
7 122
123 156
60 3
175 216
69 242
1 197
20 5
135 49
13 160
101 197
10 195
239 146
162 58
14 237
171 19
229 125
253 85
180 146
121 239
252 184
74 239
228 141
107 244
219 207
105 230
127 185
107 228
189 144
111 126
58 121
214 37
242 141
35 223
32 47
256 64
93 157
130 149
11 198
173 98
244 92
59 15
47 41
153 222
51 32
143 202
241 169
234 32
1 129
134 28
216 220
26 175
115 76
64 25
227 54
27 255
8 131
62 189
157 151
201 253
116 135
213 137
19 93
32 161
175 1
9 173
123 21
167 125
73 45
20 88
152 224
90 169
116 28
126 249
151 188
189 27
212 93
21 166
182 109
7 169
100 132
156 153
199 248
166 142
239 172
72 175
179 40
184 235
68 235
245 12
147 68
84 239
46 240
26 119
62 255
107 80
152 138
72 127
246 233
250 59
135 37
180 255
171 176
116 221
247 84
42 21
128 106
28 230
86 76
137 164
78 13
5 103
68 211
33 244
50 132
218 161
226 140
186 97
206 143
160 30
127 254
11 245
245 235
149 162
73 28
190 57
145 94
235 24
4 27
175 25
95 47
72 12
135 248
109 100
111 172
71 48
60 240
189 77
167 166
244 218
163 6
22 237
64 240
83 132
208 128
38 191
72 228
218 76
233 106
76 34
242 114
169 18
28 218
250 190
122 221
223 138
223 144
99 106
68 149
240 42
16 77
182 74
151 74
224 3
165 202
171 204
13 141
178 5
182 220
48 145
69 210
160 138
192 115
199 50
171 64
244 45
113 9
135 238
6 3
176 112
203 26
121 38
178 136
7 52
162 167
28 223
29 3
225 66
32 180
227 67
74 235
91 198
65 202
178 33
82 121
68 207
87 118
101 104
222 44
161 208
135 200
174 72
43 34
74 212
160 177
21 82
204 128
238 53
33 201
123 149
37 137
18 133
117 122
10 66
45 230
188 234
65 199
4 145
8 124
6 98
84 158
207 195
63 241
202 129
218 7
196 240
179 68
238 14
202 241
92 170
127 118
30 168
247 247
32 84
30 63
79 246
236 247
253 167
232 28
135 98
235 176
53 94
39 175
97 155
220 187
152 61
141 20
137 189
91 3
239 48
78 131
172 132
240 254
81 151
250 99
225 235
44 120
216 161
125 114
107 165
116 195
18 38
214 51
129 50
152 108
150 211
224 159
29 39
106 169
67 34
115 230
206 3
136 184
94 123
238 103
242 24
64 44
175 4
90 136
221 239
118 218
51 74
149 49
84 182
33 95
153 188
208 79
17 190
203 152
198 45
66 253
20 40
82 86
173 174
10 141
48 245
9 82
214 93
255 43
101 171
108 33
12 91
170 184
142 56
45 37
163 41
10 188
155 78
182 168
14 228
162 84
109 203
36 109
127 181
66 184
239 179
160 219
25 192
26 202
80 61
26 199
229 8
248 204
87 208
134 182
32 34
206 102
183 166
166 235
64 255
251 14
179 89
22 132
59 65
30 104
220 186
222 232
89 141
201 62
85 224
59 226
184 10
2 253
84 166
29 33
201 230
195 56
165 43
168 187
208 210
123 37
40 80
179 166
104 129
139 27
78 61
75 62
253 45
202 26
160 220
49 195
80 17
1 67
56 93
88 215
246 240
112 92
69 176
104 4
217 141
71 77
139 14
62 52
182 48
45 165
225 113
105 55
158 40
189 22
177 23
174 64
117 67
3 245
124 4
133 104
118 88
4 187
84 124
154 42
173 190
52 135
96 141
77 230
123 210
253 153
91 131
51 95
21 116
62 216
21 113
147 60
5 139
202 77
241 175
233 138
168 125
229 166
101 86
102 56
174 183
203 180
125 198
110 154
158 43
41 237
88 33
