72 76
100 94
28 20
5 83
119 17
32 13
100 56
37 81
103 8
105 42
40 26
110 38
84 122
101 65
65 53
113 34
81 51
46 5
24 71
114 121
65 5
83 75
45 84
105 66
94 68
85 12
20 33
1 121
53 72
42 103
114 57
28 126
40 110
61 29
4 107
77 19
107 23
108 19
25 74
93 98
8 39
9 83
19 44
71 117
91 7
90 11
106 43
59 60
22 36
26 12
40 39
31 11
62 110
117 76
110 67
9 25
44 90
15 101
110 99
71 2
14 96
126 21
111 52
87 70
99 125
75 60
76 36
111 72
2 51
117 96
117 102
118 80
20 4
111 44
109 111
9 9
21 122
29 108
74 124
119 3
87 35
90 19
56 10
69 50
127 13
117 54
118 92
43 109
6 78
47 15
87 120
21 112
57 127
63 122
67 42
35 91
57 59
78 123
51 128
41 49
124 37
124 54
57 76
48 90
75 95
89 117
118 37
116 33
66 20
108 38
33 103
100 54
83 112
48 91
7 46
36 45
67 34
18 72
5 95
14 125
43 97
116 72
16 31
45 2
120 99
45 88
46 90
64 124
107 103
7 26
122 61
61 14
26 45
63 84
36 60
76 64
109 121
9 111
110 14
72 125
34 20
9 120
48 44
65 21
74 75
91 34
85 85
125 60
74 110
12 66
92 13
114 10
91 81
31 82
88 25
77 121
10 79
112 4
111 106
56 66
53 90
96 29
107 32
27 12
128 122
118 119
9 66
59 17
62 89
21 104
69 94
118 59
52 35
54 11
81 97
125 116
28 42
98 62
15 32
84 48
36 101
57 36
24 82
86 97
110 108
111 36
56 19
47 128
18 125
74 104
111 99
96 11
24 122
37 96
113 37
63 1
126 105
111 60
39 33
116 103
56 115
44 117
44 2
125 71
43 101
115 68
81 89
42 44
49 50
111 41
26 24
34 40
25 111
94 102
62 23
93 78
35 86
21 2
43 18
39 56
8 68
122 71
128 41
35 1
112 59
9 68
17 95
70 76
122 96
80 75
102 28
88 60
56 125
114 116
60 43
119 122
48 128
39 24
3 61
19 50
92 123
59 87
94 100
115 22
43 34
11 19
38 24
126 80
11 114
104 53
51 54
43 3
66 96
98 123
66 103
125 91
76 11
10 13
112 45
51 31
88 101
7 115
39 79
125 56
39 37
53 24
36 19
19 70
38 77
120 71
92 67
6 7
28 68
7 59
26 61
16 21
11 67
61 27
16 53
45 61
18 58
60 122
98 115
86 26
124 122
128 28
47 116
28 112
126 101
104 102
71 73
73 103
34 96
71 99
12 73
88 10
69 82
97 63
118 15
122 73
23 41
114 76
16 121
18 120
30 85
38 1
121 42
58 79
52 75
34 118
100 9
61 104
4 4
122 106
24 65
26 68
17 124
56 61
113 63
7 70
47 51
92 118
93 55
108 54
8 47
86 62
96 30
100 64
24 120
13 98
16 49
63 114
50 26
92 85
26 109
3 65
121 38
16 45
59 21
102 5
103 50
108 33
71 48
85 120
74 85
37 17
38 8
65 44
101 126
82 44
12 81
67 87
76 13
91 111
48 34
25 124
107 9
99 102
25 122
96 67
71 94
34 110
54 7
8 89
92 31
98 36
44 94
87 110
23 128
83 119
102 54
91 93
122 105
55 44
34 108
125 49
75 10
24 62
77 74
72 32
18 124
106 80
123 18
122 110
127 49
86 106
22 8
68 5
85 97
55 120
90 117
78 114
106 5
30 72
89 38
49 104
42 93
78 16
120 107
123 61
21 106
65 101
112 25
47 104
60 117
34 69
78 9
67 9
71 6
80 14
116 22
32 97
114 110
97 4
22 34
37 86
11 62
29 79
61 18
35 112
118 77
126 122
71 78
98 95
42 54
55 118
101 66
27 114
50 88
42 21
28 95
125 33
44 84
112 16
69 26
41 4
77 18
86 1
13 108
91 61
90 105
118 81
45 3
49 66
50 43
84 73
13 6
63 85
69 16
80 90
72 12
7 108
47 65
104 12
68 99
33 66
65 80
109 108
91 125
56 85
127 47
4 9
92 110
11 104
33 54
38 122
8 113
109 2
19 34
32 86
21 99
70 109
117 17
19 58
47 70
15 56
27 7
117 71
114 63
89 54
14 108
14 33
113 25
71 125
9 12
124 113
51 64
16 103
125 22
48 100
48 71
126 20
14 29
111 42
88 99
113 103
19 26
82 119
12 109
93 4
26 103
70 6
35 100
72 88
97 69
12 17
102 104
77 17
94 88
58 90
21 64
27 34
57 38
56 38
96 85
118 64
76 27
68 60
110 53
53 104
42 8
110 106
90 18
67 86
21 31
29 128
49 64
31 15
6 121
117 58
92 89
42 16
63 60
29 29
33 61
95 70
32 22
19 43
41 12
58 92
97 68
53 74
68 87
4 123
12 40
84 2
85 118
57 47
126 45
56 3
82 2
8 102
104 62
25 28
71 90
86 118
78 77
40 69
84 34
59 20
11 77
4 23
42 63
3 94
75 56
69 78
17 93
46 82
15 10
117 78
101 105
112 85
44 68
18 27
21 23
50 45
76 106
13 95
35 93
15 6
108 5
78 104
38 118
88 113
93 33
46 40
75 97
16 97
67 80
123 51
80 95
113 44
25 38
120 68
7 120
101 16
42 59
90 56
89 118
14 43
25 44
76 17
65 105
63 2
91 26
108 117
76 33
128 123
56 41
76 45
32 55
14 98
77 2
114 38
114 5
88 104
13 82
88 115
14 41
3 32
59 73
108 73
83 6
104 128
113 28
17 1
52 67
17 102
29 4
29 26
56 74
63 16
127 60
89 53
123 74
103 35
44 6
43 54
48 37
14 39
80 42
12 68
118 3
98 102
99 124
116 110
74 11
56 18
87 63
80 116
112 115
118 121
59 71
29 88
96 81
85 113
16 15
112 97
70 32
99 83
76 52
111 24
2 66
91 121
85 78
40 120
97 73
25 65
113 21
128 107
16 35
89 24
39 66
105 113
97 43
110 113
109 27
30 31
107 75
81 1
22 26
53 31
38 109
111 20
25 93
5 100
51 45
123 16
68 127
60 104
41 71
60 33
21 127
92 39
18 29
14 52
66 66
57 34
107 52
95 126
50 14
125 93
39 54
50 115
2 16
36 97
44 113
32 79
2 87
128 59
85 87
82 16
53 86
54 123
111 124
8 122
84 102
63 54
60 27
21 18
75 66
105 4
115 18
97 36
58 9
83 2
62 97
102 61
116 81
58 47
51 49
6 77
21 22
123 68
108 22
38 125
82 120
5 16
72 71
71 127
29 37
84 35
18 98
13 102
59 77
85 51
40 74
80 43
69 37
106 26
127 38
28 41
40 102
107 85
29 96
49 31
38 75
31 5
29 40
3 50
83 23
71 114
47 110
58 104
24 12
20 3
21 107
52 46
51 117
43 71
40 25
126 83
53 29
40 112
81 54
95 10
3 86
16 69
77 108
86 115
126 104
120 13
118 116
59 78
79 80
48 24
56 2
20 67
118 74
116 53
41 88
20 50
81 61
18 118
16 32
71 1
50 50
110 51
106 100
8 24
94 87
127 5
102 19
9 100
17 125
79 76
106 3
79 85
121 26
126 42
12 106
50 95
55 71
64 5
25 100
97 124
97 67
91 9
17 112
93 40
2 111
42 36
40 115
121 100
24 81
28 8
71 51
97 53
21 17
54 44
10 93
16 34
13 76
64 128
88 57
80 10
77 100
110 16
93 10
55 73
52 57
75 100
26 42
84 119
23 80
69 56
91 49
96 111
92 117
123 43
65 60
3 52
127 53
65 66
66 109
92 108
14 100
32 99
38 102
125 96
45 24
83 91
11 82
109 126
18 44
75 89
98 92
36 87
9 63
43 113
111 53
18 33
114 50
76 26
24 54
62 45
59 48
104 44
12 19
118 27
54 114
1 63
51 41
51 5
45 11
94 80
39 75
89 111
86 86
43 96
19 55
5 29
57 104
72 22
79 103
70 94
