24 15
1 21
13 25
8 19
31 2
21 26
29 10
19 28
7 6
22 12
13 17
30 23
25 31
31 24
15 18
31 7
20 17
32 18
13 21
31 15
10 6
27 16
3 6
26 24
1 12
8 13
32 19
2 14
19 20
18 7
9 18
27 3
15 20
24 1
22 24
32 10
22 6
13 2
19 3
29 29
25 20
32 17
20 24
19 25
21 7
17 6
25 28
17 2
18 11
15 10
21 13
11 10
21 9
6 20
8 1
15 11
29 30
32 22
16 31
15 24
30 27
3 1
4 32
18 26
21 28
17 32
27 5
19 23
4 29
4 8
3 20
11 23
12 14
21 8
12 27
12 15
17 28
22 10
18 31
26 20
16 16
5 24
28 14
12 3
19 29
2 25
13 24
5 10
20 22
28 24
11 11
20 31
12 9
25 1
12 19
23 17
4 20
26 21
16 5
7 14
31 10
32 11
4 28
13 28
3 5
30 4
29 19
4 9
26 28
9 20
14 15
9 3
24 30
13 6
10 7
16 8
22 27
12 12
32 26
1 9
19 31
14 27
25 5
22 20
26 19
27 30
16 25
23 1
2 11
30 16
11 17
13 1
22 21
17 4
6 31
5 19
26 3
27 10
15 25
29 24
5 14
19 22
6 25
7 24
5 17
8 2
12 30
24 11
26 11
17 5
6 23
20 32
5 23
1 25
30 22
6 30
23 6
17 8
15 4
25 13
