64 127 56
118 61 114
94 124 112
90 108 9
112 69 87
101 11 24
13 16 84
97 58 65
82 6 99
93 77 119
96 71 18
44 77 6
91 99 5
100 117 9
108 97 114
95 54 113
64 59 38
61 52 5
7 96 126
96 70 93
118 50 111
111 122 102
69 5 126
84 14 97
49 38 72
62 120 100
123 81 124
31 96 87
104 58 92
47 32 120
63 5 64
103 75 88
78 78 19
7 35 91
101 34 84
17 33 60
89 3 22
75 114 7
3 104 128
65 116 29
63 59 77
65 61 52
109 89 77
93 19 84
115 22 99
108 117 91
56 54 5
9 17 121
43 117 63
19 76 53
58 128 48
44 62 102
91 122 12
58 51 59
7 120 24
104 43 52
58 5 49
38 90 39
117 30 69
37 41 60
60 55 88
92 51 112
24 53 1
6 73 22
21 114 107
33 110 81
69 60 84
113 92 28
60 86 17
123 125 67
18 117 8
10 115 103
100 68 52
45 17 125
83 97 37
55 95 79
3 94 125
62 26 121
30 64 117
29 49 110
78 3 86
114 73 113
71 21 128
32 59 29
58 87 102
78 17 93
99 31 15
102 12 116
124 56 23
23 33 118
72 96 44
84 119 77
9 73 18
82 106 54
10 25 31
14 11 65
22 107 64
69 30 84
126 75 114
122 27 41
23 61 74
115 46 75
58 55 109
67 29 34
66 24 74
50 83 93
20 26 47
126 119 58
19 85 100
51 101 128
111 65 22
64 80 103
120 105 44
120 59 31
36 108 60
20 128 73
12 125 20
47 76 124
111 99 50
72 33 65
46 121 76
68 83 23
78 47 74
105 12 113
122 8 70
100 72 51
126 26 19
68 89 57
76 18 51
124 100 79
123 45 95
101 99 58
67 63 3
58 33 46
2 48 63
26 64 85
58 122 104
10 54 79
17 44 5
112 76 44
80 106 82
25 30 116
100 107 64
52 30 31
96 121 115
84 17 29
122 117 67
114 16 80
9 81 60
105 9 13
13 20 30
43 31 89
20 93 61
120 67 80
44 33 119
15 45 59
26 72 40
56 2 114
88 95 95
65 92 96
38 45 1
123 73 4
7 40 73
57 75 114
63 126 68
85 90 79
91 13 81
43 94 88
41 107 39
28 53 91
60 95 78
11 51 60
105 102 36
99 29 113
77 47 90
16 45 7
68 32 117
2 17 27
115 79 78
45 108 98
64 9 18
11 83 33
85 78 66
25 82 54
32 83 52
85 101 13
86 126 16
71 126 43
107 110 84
117 5 39
27 113 81
109 84 44
101 12 43
63 55 121
10 118 93
128 114 97
19 29 51
72 59 75
72 32 78
53 59 51
58 83 36
102 17 39
58 63 125
128 79 74
95 31 119
45 123 85
4 100 3
24 15 17
71 49 101
114 122 94
12 95 56
112 29 48
120 123 104
75 79 12
118 67 54
63 89 15
53 45 56
12 123 104
40 96 86
120 101 89
5 57 77
75 62 58
71 71 48
81 33 117
44 80 99
92 26 11
55 74 30
63 46 14
47 98 112
84 80 37
30 120 57
119 109 11
83 32 46
9 97 16
97 35 89
110 128 22
30 125 23
15 14 21
36 93 25
89 71 24
83 39 99
60 88 63
77 117 79
44 99 59
121 18 11
35 127 84
1 126 23
30 54 102
84 109 72
28 6 95
36 71 72
34 96 67
105 41 20
57 44 41
92 99 124
110 67 59
125 121 39
82 115 58
13 34 12
120 126 119
21 75 121
121 27 91
93 21 16
115 116 96
118 83 70
5 39 22
49 13 98
85 70 31
38 127 4
10 86 51
46 27 27
82 83 29
104 3 109
94 43 60
56 16 20
97 62 3
67 78 123
21 101 121
116 125 101
54 104 57
123 17 102
4 6 116
73 51 104
69 112 106
21 63 39
65 78 117
90 68 53
69 58 126
86 6 120
33 64 5
12 127 39
41 100 30
67 90 80
55 27 110
5 119 85
39 81 50
34 106 106
90 98 57
42 123 25
52 33 101
118 39 62
31 84 46
32 30 11
5 53 30
6 67 5
89 114 86
75 48 5
15 47 8
86 47 56
32 127 123
81 65 32
7 111 10
43 27 17
70 123 37
22 36 52
98 22 78
10 121 8
98 38 30
64 105 92
84 5 62
56 121 86
72 2 110
52 97 111
84 94 1
59 13 116
14 80 95
23 29 6
21 2 1
86 102 27
8 17 121
77 111 124
15 103 116
96 69 6
26 5 102
111 104 107
105 29 105
32 42 47
48 13 84
106 35 52
74 74 53
41 66 79
52 90 75
29 72 74
17 88 10
105 73 101
36 115 26
21 46 80
89 112 88
12 53 51
60 36 84
30 111 38
128 123 81
127 65 58
122 116 72
71 99 110
36 34 102
112 100 58
27 44 9
91 37 8
32 77 71
75 89 54
26 86 103
103 12 21
19 39 102
61 25 109
55 58 115
58 49 119
88 24 115
51 91 97
109 97 126
95 111 78
14 73 96
90 26 83
121 21 25
84 123 34
38 93 13
84 68 95
45 21 85
5 32 78
79 92 47
111 116 7
73 3 -3
30 28 53
24 14 57
35 102 22
127 53 5
19 19 127
5 99 34
7 89 86
116 58 48
27 99 23
42 37 79
32 79 100
97 73 47
87 36 124
42 58 9
52 75 69
116 87 16
22 98 26
98 8 82
69 103 125
18 5 48
28 62 12
31 46 44
92 95 1
17 106 22
40 95 24
47 103 21
8 40 4
98 105 6
104 119 107
55 71 120
22 92 103
97 107 48
71 62 7
54 86 38
18 84 76
45 26 6
116 45 45
102 93 48
75 41 19
34 93 56
91 125 94
70 102 103
76 51 94
93 94 56
41 39 90
19 58 92
98 12 13
58 6 55
76 101 36
73 97 96
28 12 65
88 126 37
111 47 123
38 36 5
69 78 91
19 47 52
1 62 97
38 13 26
107 41 125
8 65 84
47 11 23
6 100 50
91 55 7
20 31 55
100 80 29
69 51 28
34 80 27
83 113 77
79 4 54
29 66 107
12 14 25
36 32 72
92 98 97
14 26 110
39 74 34
35 84 25
57 98 96
82 5 -1
64 29 23
45 120 112
81 62 52
19 25 95
12 26 52
124 63 109
75 30 119
71 34 42
115 11 112
34 54 42
69 31 79
2 36 86
6 12 87
27 71 109
125 119 94
105 48 126
120 124 80
43 35 111
71 41 44
99 23 121
63 127 6
87 58 41
56 116 3
19 107 97
16 115 96
100 62 85
118 107 123
116 14 123
42 8 31
89 106 28
107 89 26
99 119 104
118 15 35
11 58 84
29 87 94
16 8 39
69 126 120
108 119 39
25 4 115
26 16 47
9 30 35
29 82 47
5 49 47
23 41 96
112 27 13
71 53 116
121 50 70
123 126 116
18 27 41
70 67 23
20 79 119
99 87 75
57 27 103
47 33 47
34 32 34
44 29 24
82 84 71
127 89 12
50 127 105
115 121 74
11 63 12
116 52 63
15 5 43
21 84 18
80 22 53
11 57 25
71 10 11
47 87 98
78 80 4
128 51 44
38 41 106
30 107 107
115 40 122
80 43 71
59 57 103
127 56 29
106 23 88
57 105 124
81 83 101
48 41 42
34 84 30
56 119 29
118 82 5
76 102 2
72 89 15
9 29 57
119 77 38
49 87 87
71 96 42
42 100 35
96 29 107
124 39 25
78 97 49
87 22 106
127 93 53
11 61 122
73 21 37
13 59 97
97 100 35
121 68 107
101 118 71
10 29 24
83 76 24
36 35 28
16 59 23
75 69 96
98 109 53
41 5 127
117 95 87
12 122 74
90 97 89
102 81 68
4 26 9
75 71 39
73 1 39
118 49 93
103 101 108
68 117 8
124 102 128
55 14 123
13 121 1
117 12 62
128 104 3
71 18 14
33 80 11
26 91 33
84 19 36
40 72 34
85 10 91
47 46 106
114 81 110
86 25 104
99 62 100
7 73 92
102 28 89
113 51 91
58 41 123
6 126 79
36 23 14
126 6 116
110 12 104
83 92 93
99 34 118
67 68 109
85 104 53
81 54 94
23 95 58
67 94 62
2 126 42
37 28 109
116 46 66
69 4 32
77 78 81
53 95 96
112 48 57
77 40 12
72 26 114
38 16 83
65 71 7
32 122 59
74 99 23
92 128 30
90 19 85
67 108 39
104 106 8
125 64 89
113 117 11
123 47 8
118 48 78
110 33 93
123 14 84
77 51 87
9 118 51
84 52 69
44 64 24
127 41 77
118 60 64
18 74 104
123 44 127
21 3 99
83 68 61
80 117 96
28 49 116
83 114 83
117 16 51
113 4 6
3 114 30
64 103 21
112 95 108
27 10 114
103 79 103
33 18 98
25 50 112
51 86 126
59 106 121
121 100 51
5 76 9
93 123 67
53 35 59
14 15 66
10 44 -7
127 73 25
74 27 87
102 4 6
61 20 91
61 81 26
47 51 54
68 115 58
113 6 103
125 100 31
89 13 2
47 78 86
61 64 44
100 19 64
124 9 34
107 69 19
118 70 50
87 47 88
15 73 64
125 74 107
48 88 66
122 73 126
69 45 69
42 14 21
64 118 102
50 50 11
21 86 90
120 1 12
60 98 103
38 123 26
50 37 104
42 85 8
120 29 76
57 118 2
18 60 24
71 122 3
9 104 96
16 50 92
106 123 82
19 34 52
69 68 44
17 2 3
47 4 65
19 61 22
64 113 120
97 117 14
22 55 77
12 126 97
80 114 78
101 94 87
20 53 31
3 83 14
9 6 118
65 77 118
93 95 31
61 111 86
65 47 121
91 19 70
104 87 120
64 67 50
11 46 33
87 65 94
104 125 17
79 127 92
63 3 119
27 40 23
83 115 21
113 21 76
111 113 67
76 89 12
95 24 107
106 54 59
114 119 14
78 37 20
127 15 62
63 82 34
92 87 34
71 29 72
104 57 117
53 27 59
3 18 7
28 19 3
17 54 58
82 1 126
123 105 6
113 22 92
46 103 119
89 54 35
26 93 42
44 120 45
52 109 83
81 42 38
64 57 75
102 14 42
92 56 15
99 61 94
39 95 90
14 62 79
100 86 98
110 46 2
113 68 40
12 10 1
74 47 79
120 31 13
52 77 81
71 48 119
53 11 124
18 114 40
22 10 112
116 16 26
104 29 34
15 40 93
124 76 92
8 75 19
105 84 58
7 1 116
11 36 47
56 67 75
126 97 126
76 127 119
39 99 65
121 24 107
43 54 102
117 100 46
117 26 44
127 44 92
53 4 43
87 46 35
92 27 73
65 30 70
33 59 70
6 33 30
127 117 49
124 20 13
9 112 61
109 40 122
109 60 102
57 110 106
31 35 66
127 11 60
127 4 60
127 60 4
117 50 80
5 10 98
120 118 41
74 75 68
43 78 63
13 119 110
123 117 28
44 113 102
88 23 97
74 83 3
55 88 64
78 103 115
16 78 128
98 47 55
96 2 124
117 93 37
40 115 36
57 92 102
109 20 123
38 69 118
54 73 23
117 106 39
18 109 36
38 80 30
15 79 97
72 84 48
107 33 110
71 22 71
66 76 51
12 6 62
14 91 80
29 24 50
116 96 78
97 21 54
62 124 104
35 27 81
90 102 15
19 27 123
89 107 103
69 90 36
114 104 72
48 113 45
125 82 61
49 77 109
120 47 8
5 47 46
5 26 28
82 45 46
106 66 33
31 48 30
16 108 116
87 116 38
4 109 37
75 10 94
121 49 119
44 89 86
68 55 100
21 25 16
94 18 22
127 87 1
102 105 110
75 116 20
29 119 1
60 38 38
104 13 22
66 11 11
103 42 63
62 8 107
76 108 53
43 87 54
35 65 92
122 38 12
12 65 12
30 24 33
111 56 116
16 66 58
118 38 20
21 52 64
25 66 93
47 126 108
48 38 61
68 26 73
12 62 55
33 32 37
62 91 36
57 59 4
56 33 83
33 41 32
82 11 4
19 63 100
72 101 112
108 99 111
58 80 63
12 23 65
