11 63 37
19 59 50
7 13 62
28 37 42
62 13 39
39 42 31
49 63 16
40 50 58
36 19 60
22 26 58
32 48 1
42 49 46
50 49 12
35 61 60
42 35 26
5 52 29
28 8 63
21 3 30
35 23 35
30 10 33
25 58 64
48 30 26
32 14 37
28 6 19
28 38 54
57 62 40
55 9 42
33 55 11
28 48 11
53 21 1
60 9 58
21 48 35
12 54 41
41 19 -4
4 14 31
27 64 52
34 27 55
26 43 56
37 27 33
41 22 63
64 31 11
39 9 47
51 46 35
20 4 10
9 39 9
4 12 33
16 45 52
26 10 34
15 45 49
45 51 50
18 8 33
26 50 14
39 17 58
1 37 -2
33 16 5
8 29 56
21 2 30
23 34 32
32 22 55
27 45 9
31 49 20
3 44 16
52 43 16
6 2 42
8 17 23
27 5 28
4 33 42
63 62 4
22 16 31
51 44 14
51 7 31
59 1 63
15 34 37
33 35 46
38 48 5
47 44 6
55 53 35
56 42 6
4 43 56
16 32 1
19 61 17
16 4 30
47 11 15
19 63 25
40 41 40
59 48 64
15 31 36
45 41 54
59 43 33
16 48 52
7 58 15
18 64 3
17 51 53
36 5 3
61 44 43
57 35 40
48 51 29
11 48 55
21 6 14
21 54 13
28 27 19
21 25 25
48 20 23
29 29 29
22 15 11
2 54 20
4 41 63
46 41 10
5 62 8
32 46 41
64 12 30
37 61 10
4 40 19
22 41 33
44 33 38
5 34 49
1 25 52
25 48 10
12 50 56
29 48 51
59 36 35
1 21 39
31 58 25
24 34 19
47 20 50
27 50 26
2 35 58
37 48 17
25 47 48
54 31 2
19 20 11
49 20 45
54 64 48
29 55 2
45 55 61
39 5 41
4 16 2
30 17 59
46 53 2
54 62 6
63 38 55
6 6 12
51 55 11
10 55 5
37 14 31
34 49 25
25 38 8
17 41 38
51 15 13
62 41 64
61 43 43
54 13 44
37 50 17
40 8 36
60 47 37
40 29 22
56 1 61
45 38 37
51 27 38
19 17 38
42 4 32
26 29 36
63 23 31
37 34 29
56 5 12
59 6 3
61 14 2
10 9 60
30 12 18
11 40 64
47 63 3
25 34 4
17 17 34
19 9 62
15 53 17
61 49 37
22 37 40
32 15 61
64 17 34
15 44 15
49 11 33
34 3 55
18 25 29
51 5 39
16 53 32
32 21 36
27 14 11
12 12 8
40 5 16
30 55 62
47 48 54
64 20 8
46 27 24
33 25 60
36 2 38
51 45 3
22 24 34
46 45 25
14 3 37
12 40 16
23 30 24
10 35 13
2 53 59
45 22 9
36 13 33
59 45 17
22 25 49
62 8 7
51 6 39
4 60 31
30 48 18
34 15 34
58 43 19
44 64 46
47 59 36
62 61 52
44 28 15
55 42 57
46 50 33
36 22 58
23 2 45
34 56 48
49 5 13
53 32 38
28 22 55
64 36 28
31 36 19
11 45 2
34 52 60
1 55 64
53 27 3
50 19 47
8 5 43
18 40 29
49 49 45
56 46 12
41 50 53
33 50 51
15 47 36
42 21 60
36 35 13
25 13 5
13 31 56
21 34 31
20 3 33
38 18 9
51 58 46
1 23 58
23 37 27
61 28 54
14 59 17
15 4 49
63 8 63
47 36 48
20 12 37
27 7 16
60 59 25
18 43 64
42 62 3
26 2 2
20 48 33
58 50 46
52 34 4
64 21 47
10 24 16
61 57 3
24 9 64
61 63 35
10 32 2
52 9 5
58 17 7
20 29 3
41 8 14
2 8 37
63 15 41
9 48 40
7 3 30
21 10 60
49 21 40
56 34 4
18 9 51
41 23 25
24 35 29
29 8 19
53 14 57
28 15 23
7 61 8
55 36 27
9 56 46
30 7 22
11 13 9
60 24 24
16 30 7
10 33 16
9 21 42
58 5 10
12 51 43
36 63 11
19 10 54
5 26 6
58 64 43
58 57 40
5 19 30
10 16 13
25 15 24
25 41 8
62 26 20
54 33 32
35 41 3
14 40 13
26 8 9
54 5 63
23 22 61
38 15 23
53 6 45
56 52 44
50 31 23
45 54 8
46 61 49
36 40 14
4 35 55
1 64 21
52 29 52
15 43 48
63 43 32
43 57 33
7 7 17
11 64 17
36 42 9
41 17 45
16 34 63
34 21 21
44 15 29
56 6 30
59 38 1
16 51 15
23 60 64
45 37 12
31 22 36
6 15 41
21 8 42
44 50 13
43 64 49
4 38 17
21 32 44
52 55 35
10 34 37
55 2 39
33 46 36
2 5 22
56 64 29
56 27 43
60 46 5
47 21 31
42 5 26
45 60 22
48 12 41
12 60 3
63 29 22
7 10 55
48 45 6
14 17 39
43 54 -1
44 41 52
36 12 37
60 5 36
36 26 4
57 1 61
30 32 23
14 23 9
48 64 35
44 53 41
62 19 1
9 62 15
49 30 8
2 2 55
50 59 28
21 29 60
45 46 57
3 28 31
12 17 29
11 51 13
63 10 28
49 18 6
