58 144 87
151 100 2
157 117 216
34 17 48
46 244 76
10 14 60
153 135 254
235 1 234
16 29 78
42 64 85
198 151 45
109 88 104
117 75 163
29 138 102
218 133 76
235 72 100
51 1 214
72 188 202
200 114 133
236 66 213
95 254 176
80 233 24
198 191 65
51 246 246
77 68 57
25 97 42
72 14 42
199 86 63
146 20 186
201 181 24
5 63 39
236 146 106
3 239 189
196 182 60
241 116 98
39 28 110
182 149 11
176 117 47
64 13 68
61 165 134
255 8 172
114 68 202
104 171 118
52 29 42
116 138 233
46 178 37
31 47 225
79 182 19
233 154 76
74 145 154
88 187 174
21 224 58
116 250 157
107 243 194
73 175 69
74 77 216
104 170 230
117 39 118
103 173 81
243 238 103
93 237 111
142 192 206
103 148 186
85 243 159
37 66 193
26 142 36
61 136 169
245 205 121
215 107 166
191 161 16
32 231 134
152 46 46
200 105 39
98 76 108
131 84 252
68 7 56
140 125 140
40 31 81
29 175 242
60 137 78
248 40 94
117 235 24
225 25 147
7 36 107
33 42 103
238 193 89
5 244 70
105 137 199
93 134 175
122 243 238
254 224 182
103 170 220
65 123 128
60 16 240
129 191 202
70 184 97
160 139 98
153 234 184
131 176 172
140 35 81
146 118 31
56 147 222
57 23 198
252 157 228
105 63 191
252 90 60
23 146 191
157 22 147
188 37 140
10 210 234
212 4 129
178 192 23
95 171 14
200 202 67
99 141 53
194 12 106
104 144 14
219 85 222
251 142 68
145 170 195
43 214 150
40 195 148
15 169 87
37 140 157
62 190 238
211 165 128
85 190 87
193 226 176
117 200 160
66 204 249
194 238 109
235 30 246
229 183 117
25 73 153
139 155 2
105 240 166
228 138 116
62 109 56
36 101 191
63 74 59
6 131 232
214 201 240
68 45 141
178 93 109
32 35 90
69 46 26
222 21 148
71 153 53
72 43 146
49 174 79
41 125 63
195 176 204
210 155 154
127 152 103
152 7 54
43 146 172
84 182 186
83 126 124
225 146 97
197 113 141
162 251 123
19 50 231
249 65 235
20 190 104
209 44 167
99 196 64
21 117 59
223 41 118
55 74 70
41 132 97
170 205 252
42 163 48
104 149 162
138 5 99
109 44 21
58 95 80
1 68 23
220 159 179
208 177 203
49 205 250
196 243 203
118 173 193
78 55 155
161 226 213
133 186 114
135 103 249
161 81 190
102 8 98
128 226 157
92 230 59
36 232 101
238 246 34
51 243 30
130 130 169
117 38 2
229 167 214
90 183 4
197 213 163
114 114 70
56 82 126
243 54 161
52 184 202
54 118 33
20 114 93
58 185 135
25 67 256
32 27 197
231 191 242
173 202 133
4 208 101
203 138 163
93 51 255
8 49 174
193 248 90
21 44 107
99 5 133
73 248 81
92 148 129
28 170 14
39 176 196
172 103 1
35 188 186
59 236 190
20 236 63
175 8 142
163 202 38
17 29 236
217 178 181
14 163 9
168 87 39
121 165 72
99 60 40
199 66 195
64 59 92
146 45 196
221 1 217
23 45 77
184 144 169
183 157 145
182 188 73
122 237 120
157 175 44
135 32 31
154 101 57
173 76 85
188 48 72
221 30 31
118 53 169
174 83 54
33 238 157
216 63 132
120 166 219
185 74 170
26 256 13
212 110 124
12 112 80
76 186 131
52 191 184
109 210 123
223 139 201
36 109 211
60 197 255
130 213 48
222 50 71
61 107 234
62 235 132
46 33 140
55 222 11
212 254 88
136 74 38
208 157 193
86 70 149
103 174 240
167 59 9
4 115 64
232 101 167
179 68 194
104 86 139
166 12 185
219 115 66
180 203 31
216 116 79
213 18 30
90 233 167
168 137 152
67 176 53
237 108 160
212 128 87
11 9 254
55 97 95
139 68 175
246 49 18
154 19 98
129 33 44
139 3 252
171 54 219
83 177 21
45 201 64
12 82 121
34 7 241
115 44 169
137 113 121
106 26 87
199 93 214
118 11 237
35 115 250
66 132 6
71 49 75
26 26 243
197 104 35
112 248 56
144 189 81
91 95 13
127 40 150
19 33 222
206 120 40
119 37 203
156 205 50
135 231 40
110 29 82
234 245 253
170 176 27
105 115 135
29 164 145
114 151 182
118 106 175
150 45 174
201 70 228
11 20 70
13 211 145
43 192 139
158 125 140
243 182 62
187 5 161
133 19 82
9 1 12
166 6 111
15 89 256
65 81 114
184 202 36
226 204 234
212 103 16
60 225 156
150 20 212
163 17 256
23 9 113
146 110 194
210 85 94
39 31 66
39 88 5
162 223 21
217 71 67
234 126 130
143 172 235
8 94 5
86 228 68
170 247 207
29 160 134
161 85 68
56 100 97
100 149 124
222 10 119
138 107 194
171 64 221
84 158 24
31 6 158
32 138 177
28 49 55
247 157 118
108 235 28
1 219 130
57 49 49
11 91 166
147 83 82
8 199 229
238 120 204
140 224 248
161 23 226
83 247 204
104 127 73
184 117 255
226 79 172
63 84 103
20 255 41
12 164 139
229 85 209
105 7 40
160 241 44
68 53 173
117 194 179
174 121 191
248 143 84
93 50 182
160 111 242
43 83 30
73 80 226
149 227 56
179 116 111
61 126 118
256 239 87
105 210 2
58 43 76
129 34 55
203 100 116
149 199 38
3 45 233
213 170 19
150 233 58
22 203 246
27 82 231
84 190 250
142 245 233
42 40 1
207 180 40
92 70 30
33 67 3
78 103 26
171 172 204
138 109 240
251 203 73
62 80 80
126 210 52
188 154 32
9 198 188
248 236 246
83 256 2
13 120 159
120 173 157
184 133 156
120 79 22
219 238 160
181 58 108
252 163 19
121 24 145
195 39 145
110 101 236
128 16 108
36 243 213
163 138 38
143 103 28
66 212 248
135 186 130
150 193 78
70 185 62
126 57 72
236 133 121
250 181 58
254 20 211
177 199 45
227 175 220
109 144 92
102 114 155
154 71 184
55 207 11
202 185 101
106 11 153
51 195 59
247 190 167
47 218 69
56 88 12
188 132 69
110 151 146
250 220 46
59 18 118
175 18 169
41 177 236
198 232 145
34 50 152
204 54 118
247 166 22
114 103 30
218 242 115
14 250 255
227 79 178
25 2 198
142 202 72
178 166 212
59 196 160
26 162 187
173 115 151
54 196 198
140 95 1
16 111 110
227 230 35
86 28 230
162 184 54
218 212 144
29 92 235
16 183 133
139 170 225
147 121 16
137 79 49
160 223 52
149 76 227
154 70 34
147 119 117
132 29 196
74 248 91
138 102 53
232 205 122
121 57 70
122 70 172
66 65 251
117 138 63
123 60 11
48 16 118
221 127 100
104 39 7
199 112 165
186 111 155
186 11 162
44 94 81
219 94 227
165 188 59
117 12 37
113 39 223
116 205 216
190 143 183
234 236 159
33 187 177
142 201 211
17 194 176
56 85 256
107 147 10
102 152 103
237 110 8
186 46 123
187 104 105
122 197 100
221 235 223
15 161 126
190 52 145
135 25 219
174 211 151
19 24 189
97 47 129
137 156 28
111 255 208
226 58 38
210 210 123
189 152 186
107 136 107
219 241 237
125 214 255
162 148 134
48 198 138
154 102 129
15 53 208
242 92 143
139 83 140
252 2 147
118 38 237
172 247 39
136 8 21
29 110 21
222 36 152
13 174 223
118 253 3
92 147 56
180 231 82
145 11 137
224 140 121
85 154 109
165 104 220
246 214 52
147 78 215
229 235 99
159 225 55
56 25 51
158 27 190
41 49 14
205 201 164
149 28 21
76 13 16
125 84 157
159 219 163
137 104 173
44 125 237
128 125 130
191 15 246
210 199 11
8 4 183
14 20 109
28 159 158
108 66 128
240 122 14
68 196 80
226 2 220
149 33 157
48 249 211
127 116 91
126 243 49
201 237 51
84 217 39
92 79 256
157 106 93
198 112 83
42 181 108
184 188 239
45 160 98
136 178 78
190 100 66
176 102 26
90 14 129
77 253 181
95 256 139
161 52 178
145 110 59
145 217 89
152 225 102
40 80 39
128 183 81
18 16 76
55 161 54
34 36 -3
18 36 196
204 170 221
73 25 156
172 87 175
119 45 212
253 241 159
27 98 120
35 211 227
25 140 4
34 109 98
57 212 235
36 193 56
166 56 19
247 231 54
113 9 86
140 138 96
12 108 3
121 105 110
208 218 91
120 215 76
119 160 20
230 59 154
162 95 218
69 145 44
85 141 201
187 231 139
118 242 244
144 225 114
81 44 225
180 54 82
23 44 11
54 48 207
210 95 47
45 64 230
60 191 39
39 51 166
230 130 29
87 230 56
141 241 175
107 207 177
114 204 137
216 21 124
218 195 240
83 21 212
140 253 59
86 223 74
86 149 85
161 182 69
137 24 61
182 147 125
120 8 134
91 162 126
252 92 215
28 196 44
243 254 107
198 11 57
188 76 146
238 65 176
189 151 47
104 98 110
222 167 56
208 29 164
11 52 57
5 87 86
181 110 209
168 168 223
82 119 52
162 220 107
217 228 167
155 115 123
70 64 7
132 33 100
28 137 67
14 78 208
222 176 221
48 152 60
149 29 108
165 76 121
78 41 29
107 241 43
152 162 45
69 189 76
10 75 113
58 30 170
187 89 207
21 51 101
200 247 194
79 114 195
112 218 125
132 27 79
164 58 247
40 125 161
26 24 173
234 8 179
98 64 196
221 3 243
180 145 20
250 5 196
105 126 170
155 125 252
126 142 68
2 43 100
20 221 215
208 164 59
242 153 12
142 210 179
2 134 191
40 113 114
208 122 127
109 148 18
14 226 17
144 30 161
18 59 237
170 73 35
86 154 190
54 35 11
248 36 230
147 12 197
56 151 249
133 57 48
253 191 61
181 52 28
79 1 48
44 89 208
222 212 2
220 90 134
122 67 23
24 188 237
153 109 134
23 89 166
212 5 157
116 220 200
106 210 90
177 72 92
188 47 243
175 113 226
207 140 79
55 128 202
206 236 139
117 116 251
133 101 119
120 156 80
230 164 22
180 30 22
136 102 33
127 115 143
35 255 132
151 232 114
21 215 223
155 31 105
224 232 7
141 140 145
170 65 131
86 249 254
188 134 15
66 2 52
3 110 28
128 153 175
146 67 78
164 131 92
30 102 253
36 217 29
129 201 181
222 136 73
56 115 182
145 210 42
229 255 -4
95 203 126
205 29 23
82 220 246
90 15 252
211 67 186
155 45 51
52 145 227
191 99 256
40 43 255
158 174 90
70 202 145
48 162 111
138 251 142
19 230 29
211 160 225
10 182 122
102 108 232
120 96 77
105 107 244
233 200 147
105 120 205
138 228 251
213 197 44
172 65 106
128 86 64
69 124 121
35 134 41
111 202 242
217 129 128
231 113 86
162 201 205
143 76 89
224 177 15
236 74 100
221 229 56
168 240 19
67 224 174
18 211 181
162 115 203
153 30 207
237 69 93
85 18 152
253 78 39
126 129 126
13 91 95
242 82 160
61 141 46
180 1 82
15 218 51
104 28 157
237 138 256
216 199 188
161 187 155
113 56 159
219 221 255
199 59 108
174 55 152
13 175 249
19 97 203
157 8 84
101 199 107
118 203 59
228 45 69
185 21 164
50 37 149
44 21 54
217 154 142
183 141 206
195 73 214
234 85 251
192 67 8
116 215 130
4 108 49
173 148 219
166 255 83
13 158 179
237 229 28
153 104 231
203 80 201
121 143 212
120 116 117
146 113 86
216 33 130
57 137 203
84 159 105
139 8 227
89 38 51
229 82 37
215 102 256
106 127 104
194 1 131
129 219 91
149 12 131
83 102 254
202 145 92
81 84 38
99 16 124
173 141 253
100 249 231
220 46 127
87 52 180
27 7 255
199 154 141
230 27 160
197 121 51
130 36 221
102 20 247
116 12 1
66 32 66
8 117 175
247 72 14
204 49 91
164 169 107
18 203 207
111 87 251
113 252 168
255 215 118
68 55 214
3 163 39
42 30 31
169 169 109
132 10 156
39 204 59
251 135 59
54 97 152
247 213 60
146 179 32
40 104 180
124 128 129
1 105 12
56 122 254
56 51 131
142 199 240
72 215 168
77 129 64
240 153 225
196 54 238
177 113 231
71 105 142
83 139 72
176 16 197
96 198 227
219 20 208
167 56 111
41 212 254
187 169 245
255 162 49
114 20 81
68 68 97
103 42 182
230 116 24
120 206 39
85 97 247
72 153 254
5 44 48
190 88 104
241 108 10
132 137 230
19 170 96
137 226 206
177 34 202
115 201 15
106 211 222
169 83 142
183 9 109
65 62 189
11 240 -4
44 47 105
123 199 195
69 31 84
65 97 46
197 219 181
57 166 93
205 133 181
103 15 165
223 17 243
111 46 12
101 200 2
27 36 209
41 200 230
217 40 226
220 130 155
59 7 99
144 59 142
117 158 46
61 140 33
226 98 78
63 226 43
127 217 131
214 254 118
111 30 193
165 118 63
117 97 176
51 51 186
125 100 45
110 241 139
19 255 200
35 193 78
234 157 68
135 138 16
87 189 26
177 132 211
212 114 247
29 188 15
126 227 57
43 147 43
150 204 118
158 63 8
3 251 245
30 72 119
207 211 51
182 12 189
166 205 95
86 60 22
90 242 222
82 93 47
98 98 200
226 71 171
86 209 105
160 169 159
116 4 193
13 131 22
30 88 4
12 171 142
90 60 27
101 73 121
81 178 33
67 91 189
208 210 231
182 50 52
202 71 113
50 242 44
212 207 119
14 22 232
168 191 228
7 234 29
163 125 90
187 15 119
71 5 172
46 250 18
185 101 98
71 117 256
67 64 57
84 29 201
211 78 161
130 227 231
123 218 61
102 139 70
239 68 102
120 48 202
10 125 169
146 189 201
74 141 68
117 117 140
79 16 173
68 109 210
96 180 11
7 13 77
230 189 187
41 146 35
238 130 204
250 143 111
171 238 131
46 103 189
242 255 216
93 213 146
189 74 247
129 100 225
169 117 192
123 247 151
120 187 71
142 67 16
143 108 85
247 159 106
79 229 -3
79 11 173
10 168 118
171 12 192
9 130 199
124 210 66
240 10 69
55 126 102
164 14 31
213 167 115
208 13 212
82 215 69
99 187 188
46 11 202
16 128 125
239 55 134
205 249 151
156 191 15
84 117 217
68 255 145
165 122 233
117 196 76
131 62 193
198 208 17
242 46 44
77 90 201
191 107 77
41 140 238
248 71 24
250 4 15
112 204 215
100 83 81
61 54 166
144 129 232
57 116 247
171 135 162
132 171 15
101 211 93
256 179 135
114 199 140
212 152 205
12 59 182
233 26 160
112 247 246
112 45 151
93 57 124
90 122 155
152 53 11
223 220 104
106 144 121
248 228 16
32 228 50
229 86 120
138 63 181
168 169 217
125 164 22
135 139 65
81 136 122
142 90 15
100 86 158
10 172 122
149 236 80
15 201 11
202 28 244
243 44 30
106 44 1
209 5 101
228 86 130
8 185 101
38 73 149
185 97 247
38 166 239
77 71 200
93 131 86
236 108 217
71 235 37
6 5 256
228 92 204
206 249 102
58 72 77
186 100 7
209 149 192
5 24 53
53 30 208
45 22 20
120 47 60
117 25 31
174 12 87
100 12 162
111 107 -8
69 143 63
88 246 203
150 105 202
216 46 74
88 236 250
159 85 198
117 99 12
211 91 192
85 123 94
149 173 199
192 51 234
28 19 147
83 25 143
15 27 16
198 128 83
216 3 127
215 181 209
37 65 246
197 116 184
107 253 221
213 113 76
94 146 114
209 208 228
123 16 70
132 173 107
127 188 189
63 149 224
236 143 146
87 10 214
139 179 81
165 3 244
229 9 219
4 106 117
200 166 230
215 156 169
201 81 122
128 237 115
188 6 117
234 33 201
61 118 7
256 244 55
43 133 55
52 147 93
39 203 92
249 33 108
26 20 165
73 51 172
172 224 146
32 84 249
206 227 121
255 129 66
49 134 2
105 174 9
204 100 171
105 64 229
90 206 68
11 145 3
223 111 160
12 9 50
121 157 145
250 126 77
244 80 188
110 200 229
106 179 156
117 58 239
174 193 220
134 181 245
206 235 84
217 121 86
14 60 195
83 14 67
130 179 104
118 236 136
192 83 190
155 134 50
35 135 154
193 99 1
234 18 199
9 159 234
185 137 131
56 104 148
24 211 256
56 130 -3
243 176 228
151 195 80
25 47 202
7 152 183
189 55 190
220 126 136
248 255 196
145 138 111
69 149 82
67 225 204
3 91 209
53 65 51
247 133 32
74 118 237
199 157 17
142 229 117
128 256 235
174 5 251
16 94 230
123 225 229
205 61 178
107 152 73
237 118 240
23 221 117
11 183 183
190 119 103
169 255 16
193 193 85
168 37 123
37 43 39
210 82 104
20 184 247
80 130 190
92 126 152
52 7 88
239 42 12
241 7 131
97 121 12
222 249 129
109 191 132
182 43 9
113 100 21
27 63 196
237 98 145
14 169 210
8 200 130
121 50 67
11 58 163
165 120 159
227 111 102
196 108 95
163 177 108
105 211 113
256 97 16
11 198 183
212 113 221
133 51 136
156 232 19
153 89 46
249 97 38
104 79 103
51 140 63
252 126 228
177 171 185
191 34 205
130 23 164
256 205 59
216 185 70
117 228 188
135 145 149
180 32 211
138 50 191
185 14 117
127 67 162
99 143 141
38 256 84
247 89 120
230 183 156
155 116 138
72 76 119
220 190 136
122 181 149
41 104 44
205 127 217
86 119 164
55 71 220
25 68 19
209 66 106
144 252 15
90 182 3
186 32 33
179 126 92
249 6 72
98 137 220
151 86 118
15 92 31
62 142 16
9 140 118
126 127 115
194 68 101
74 206 106
78 197 36
123 115 185
233 225 30
76 61 150
110 127 117
221 77 42
224 27 124
176 150 20
229 67 60
47 99 230
70 27 240
36 209 166
113 217 137
63 81 79
247 73 42
147 40 77
14 74 173
25 238 4
16 80 28
44 18 74
250 224 56
12 84 232
238 23 246
91 74 30
177 36 253
163 220 28
46 201 42
206 200 137
241 222 13
172 30 256
173 205 105
113 197 141
183 23 183
52 244 53
136 206 163
113 186 108
62 25 141
135 119 156
28 179 9
59 96 165
6 108 96
51 255 87
6 166 14
124 177 249
202 218 66
5 39 198
35 17 97
34 229 107
135 107 130
10 198 138
144 155 243
89 117 58
123 104 179
143 245 133
170 46 246
143 26 233
34 91 164
32 14 215
14 243 218
111 206 55
58 13 104
228 226 83
180 82 201
107 38 134
169 79 162
53 69 247
148 76 132
219 247 15
193 234 14
248 227 200
190 252 184
175 42 50
221 10 73
34 221 239
181 208 94
252 130 183
161 192 233
232 147 213
64 124 -8
24 254 168
243 93 202
191 166 35
98 239 37
151 224 77
248 114 3
91 247 194
98 91 120
78 169 48
20 208 238
179 168 218
196 48 161
83 26 25
237 137 36
250 25 214
78 32 218
250 51 17
104 236 125
167 235 94
3 27 154
217 54 98
169 140 19
109 256 90
41 83 156
196 165 149
22 56 63
66 120 245
70 56 216
208 63 114
84 3 153
91 180 150
30 124 135
83 6 2
71 61 251
45 86 232
181 16 34
225 58 143
21 118 126
109 62 210
82 36 99
80 94 161
34 129 123
15 141 127
122 42 66
180 49 2
20 110 138
74 165 86
240 210 248
98 181 186
208 142 133
145 38 1
186 14 254
240 43 19
122 115 132
154 241 105
30 15 13
50 20 149
120 236 226
91 40 184
160 69 31
61 49 9
111 11 54
7 42 85
4 98 108
103 130 121
67 33 90
20 155 234
81 86 109
69 74 46
26 192 102
55 89 96
204 83 219
170 8 176
89 183 180
100 135 224
248 201 175
173 126 200
164 25 221
210 134 211
155 106 35
163 173 128
225 54 186
245 245 226
187 39 175
32 213 32
52 158 99
129 183 246
156 48 12
249 121 50
3 36 50
108 236 55
194 247 51
68 88 126
243 216 192
236 246 16
244 44 93
85 116 13
233 11 229
116 117 41
54 193 4
193 14 41
9 78 187
186 74 107
206 231 224
94 167 91
184 114 155
179 151 254
63 14 234
64 256 107
157 136 29
147 188 77
80 231 91
189 25 98
155 226 27
209 90 255
4 100 172
105 52 138
215 15 174
33 82 255
162 182 151
25 210 108
184 226 47
119 198 116
174 78 20
227 180 207
224 106 54
9 22 201
237 220 92
27 219 191
55 250 157
77 228 165
100 81 232
87 136 130
224 33 125
246 16 242
89 223 113
107 59 163
65 178 46
250 187 217
79 247 241
108 182 235
254 189 74
142 71 196
13 73 160
176 250 98
254 147 170
39 83 90
151 199 247
203 72 82
99 197 103
121 195 133
50 161 175
146 33 67
149 36 217
123 181 110
99 73 194
27 69 254
55 193 154
96 140 126
239 112 103
187 183 141
46 237 131
159 232 94
219 6 25
5 182 56
161 58 172
235 171 247
109 61 144
208 196 137
243 119 111
58 244 114
41 133 197
49 162 72
201 183 101
193 39 55
211 144 242
124 81 127
10 73 102
245 226 241
114 78 143
70 17 118
216 192 140
215 136 241
225 84 100
132 182 236
176 48 185
94 37 234
197 60 12
209 10 221
209 235 86
112 48 233
230 128 8
111 120 230
252 149 129
41 84 224
112 151 153
156 75 151
128 72 26
232 120 255
208 60 66
212 11 193
232 93 67
73 199 184
180 103 195
213 130 117
2 108 92
41 168 188
7 81 28
155 184 4
219 79 6
165 198 251
248 115 143
100 247 256
191 31 34
26 8 167
243 135 157
173 199 56
61 52 210
37 152 48
166 132 7
49 242 190
32 40 118
163 224 72
253 165 205
240 128 228
117 212 175
177 135 223
37 98 50
37 187 57
139 81 95
172 119 39
139 117 181
77 43 144
237 247 166
49 217 145
221 213 24
38 153 249
105 96 230
29 22 205
7 189 92
172 15 197
12 101 190
141 215 204
54 165 194
29 214 132
35 30 17
222 5 193
215 70 203
246 117 9
58 229 256
173 201 27
152 153 55
243 184 100
31 83 234
216 140 139
101 216 8
17 165 231
223 65 114
122 247 3
107 123 127
142 136 33
199 199 121
241 243 180
23 59 29
231 231 228
99 63 30
218 168 14
23 17 163
216 141 65
130 65 197
18 129 195
87 54 17
95 131 138
47 168 12
182 38 195
4 36 170
184 17 78
183 139 214
36 127 64
140 146 237
96 192 96
169 67 67
247 183 170
154 123 156
21 90 208
208 107 180
13 53 179
29 23 184
212 232 238
58 218 203
131 164 76
66 224 130
217 177 77
52 170 104
183 235 165
116 141 122
162 65 189
74 51 172
104 48 25
62 99 94
15 79 16
200 249 233
71 158 188
37 60 20
211 84 24
233 238 177
186 223 239
44 71 169
11 111 118
17 108 5
236 168 59
136 79 154
1 98 223
174 42 54
153 218 256
50 112 210
68 220 193
39 100 221
56 71 251
134 160 184
206 142 186
170 146 57
5 56 190
210 250 43
253 97 252
162 109 204
126 55 27
163 213 78
111 126 247
190 238 87
95 12 34
197 203 129
255 78 93
235 79 219
166 193 35
70 180 102
204 122 31
84 8 153
143 158 177
115 171 221
49 235 109
104 210 17
152 45 156
217 7 7
28 185 166
125 54 245
69 97 70
123 127 179
130 189 119
60 195 13
195 148 58
90 181 77
163 145 166
18 28 117
161 183 196
197 84 184
161 218 19
122 203 254
108 36 6
91 132 100
44 145 129
52 151 185
240 115 95
247 176 2
46 239 239
59 140 247
60 126 115
184 127 133
213 110 160
204 241 74
155 94 32
27 27 197
158 19 79
29 129 108
209 137 238
80 56 239
97 10 112
15 175 64
252 14 32
248 139 36
210 133 92
110 35 180
24 81 25
24 5 221
135 199 93
97 112 225
219 50 195
246 216 212
84 79 251
74 102 31
56 210 71
170 256 224
106 256 22
205 8 146
240 15 140
194 156 121
113 116 209
34 117 20
229 194 15
232 32 92
235 160 40
243 127 56
67 74 46
136 69 9
84 14 236
205 126 32
167 208 91
79 5 67
105 134 46
125 12 44
237 189 71
43 152 9
40 18 63
16 1 253
52 186 226
72 118 157
206 251 176
210 120 116
216 176 94
19 90 128
215 200 83
81 200 179
118 200 43
57 61 115
1 69 55
90 138 26
234 106 251
168 86 119
72 120 175
249 153 75
83 65 191
139 32 204
234 172 74
28 38 53
83 167 83
122 245 106
144 219 61
97 204 111
19 36 232
251 177 122
181 114 196
115 158 87
149 232 24
122 2 230
150 96 124
197 62 152
223 228 93
141 41 245
91 54 124
14 140 25
55 73 110
8 166 51
103 197 29
65 170 5
33 135 70
1 60 103
96 30 250
148 247 195
98 79 29
204 234 154
42 146 234
124 23 -6
255 147 108
254 242 22
235 178 7
174 232 157
61 132 237
109 213 99
8 80 169
31 141 202
161 146 152
45 84 75
37 123 106
4 102 239
241 111 166
148 112 214
40 134 35
209 20 179
48 11 144
53 105 77
53 256 237
61 121 256
165 152 15
232 194 58
179 188 32
59 181 255
212 135 28
192 58 102
68 201 86
1 41 25
130 136 241
217 217 122
5 119 247
180 141 6
115 205 220
122 95 110
250 127 130
176 198 20
185 171 249
168 73 194
214 99 227
249 165 21
248 44 248
254 73 253
206 130 131
86 218 64
134 83 227
98 176 247
86 127 11
202 87 16
247 95 2
249 15 203
37 59 100
156 77 61
32 210 223
39 56 208
46 213 182
80 44 192
23 108 66
146 58 159
168 176 108
171 166 210
49 48 52
31 103 18
6 109 46
179 171 237
1 93 255
242 81 66
254 235 228
171 109 201
94 117 44
113 200 -8
133 77 185
26 93 94
93 58 131
64 220 125
208 244 20
196 43 232
81 170 13
70 224 249
84 127 160
173 200 221
210 9 20
165 100 22
198 209 68
28 102 248
178 215 32
197 57 44
27 11 43
150 118 48
8 212 251
73 112 213
135 140 188
222 169 192
40 2 173
23 90 234
129 247 161
250 239 32
168 162 128
83 136 132
188 45 195
48 121 10
92 53 252
99 203 251
46 77 76
4 185 117
90 124 234
236 52 233
12 186 163
58 96 156
246 119 84
210 21 39
203 21 114
217 94 247
197 105 131
59 253 206
32 61 162
37 229 63
157 209 255
140 191 54
256 85 92
164 102 110
105 106 249
159 189 9
25 145 187
249 73 67
184 81 239
116 23 82
139 87 161
104 156 93
157 4 50
50 67 32
61 234 216
179 234 105
126 83 27
208 98 155
182 187 89
240 243 47
256 81 67
129 214 46
186 122 94
115 185 184
7 78 130
187 63 129
78 25 94
210 125 79
186 219 243
51 126 125
184 201 20
224 192 122
123 202 236
222 180 74
123 250 120
181 66 4
242 42 9
241 67 83
94 93 195
163 6 245
2 77 33
224 204 63
100 229 111
65 75 151
187 78 46
96 249 192
48 51 147
116 115 97
140 232 140
224 168 98
26 10 159
147 80 51
10 138 70
156 183 122
240 44 112
179 58 141
68 11 254
176 205 249
224 18 70
17 119 255
133 132 148
